3.38395,0.12138
-0.07015,-0.09825
1.50434,-0.24863
2.46611,-1.60778
0.71370,-0.64807
2.50214,0.40908
3.65545,1.92957
1.04638,0.51621
1.54474,0.16080
-0.07338,-0.66958
0.74478,-1.25723
1.59038,0.01131
3.37903,0.52859
2.02741,0.93050
1.68872,0.93865
1.31830,-0.88406
3.05061,-0.39596
2.65717,0.84794
1.46489,0.94848
3.42601,-1.08180
2.23730,1.09293
1.52887,0.14356
1.96042,-2.73802
1.84475,0.55093
1.21431,-1.10148
2.44137,-0.24313
2.67052,-1.95575
1.49177,2.38920
1.85743,0.74219
3.82556,-0.85684
1.42083,1.13121
2.70329,0.03739
3.43584,-0.36868
2.78577,-0.28658
0.59629,-0.50156
1.77402,-1.41129
2.55034,-1.31163
2.50039,0.70121
3.11344,1.37543
1.58048,-1.52590
2.17044,-1.46850
1.74123,0.21195
2.64773,-0.53799
1.94816,0.04922
4.86764,-0.09181
3.52369,-2.98534
1.99934,0.17846
1.98342,-1.60316
1.09495,-0.73858
1.07919,0.07322
1.61775,0.81018
0.66533,-0.49505
1.15555,1.04766
0.42612,-0.30942
1.63821,0.68839
0.62848,0.76729
1.86229,-0.26251
2.41156,-0.89380
1.31649,-0.04757
3.86918,-1.52203
1.21826,0.69155
0.61039,0.28215
2.57630,-0.01182
0.86110,-0.05792
1.80840,-0.68928
2.24549,-0.51530
4.01387,-0.56375
3.13122,0.07413
1.91388,-0.18286
2.51343,1.18884
2.73742,0.74931
1.30811,-0.00400
2.77934,0.50740
2.64952,-0.42038
2.27493,-0.45430
1.68145,0.24680
1.38433,0.39190
1.68202,-1.01906
0.76696,0.44290
1.43165,0.32344
3.89281,0.59070
1.92475,-0.85203
1.05269,-1.38317
3.34863,0.42783
1.14819,-0.10338
2.43839,1.01983
0.86106,-2.20219
1.14119,0.31938
1.74287,-1.08733
1.36709,0.72063
2.33003,-0.14408
0.30959,1.63186
1.91985,-1.29905
1.75389,-0.27226
1.65961,-0.64719
2.64854,-1.08534
1.31936,0.61870
1.53622,0.27196
1.35326,1.53186
2.97176,-1.17445
2.97859,-1.82716
4.00547,-0.03066
3.12281,1.19671
1.94434,-1.71842
1.07441,-1.07536
2.66119,-1.47174
2.47194,0.26826
2.76827,0.35774
1.56004,-0.01716
1.74408,-2.09839
3.14908,0.44242
1.43030,-1.55344
1.92781,-0.56457
2.37134,1.52264
2.41449,0.48788
0.80811,0.54108
1.96180,-1.40353
4.86109,-1.72306
1.57622,-0.19136
1.23078,0.79605
1.58417,-1.58088
2.60146,-0.21006
3.14950,-0.66606
3.37038,1.47206
1.59943,0.54861
0.90901,0.72963
2.50309,0.61715
2.25317,0.44813
1.54693,1.08575
1.63598,-0.03821
2.34639,-0.71868
1.49711,0.23053
1.86981,1.16735
1.57862,-0.61813
2.34700,0.74587
0.85664,0.26558
1.82311,0.06173
3.43603,-0.32971
0.98093,0.54480
4.04571,-0.15166
1.28682,1.34730
1.94027,0.11016
1.98474,-0.79671
0.90538,-2.10526
2.50434,0.62874
2.68173,-0.80295
1.56056,-0.45402
2.01520,0.57964
1.95492,1.41933
2.44238,-1.18798
1.98583,-2.55646
0.94332,-1.06052
1.08109,-1.03167
3.28287,-0.90478
2.11968,0.00403
2.41697,0.20126
3.77418,1.16408
0.94409,-0.31654
1.85431,0.43183
2.07220,2.68639
2.53042,-2.14681
1.34922,-0.81631
3.29725,-0.79070
3.40004,-1.79730
0.59185,-1.37333
2.06785,-0.46134
3.52316,-0.31863
-0.37187,0.61705
1.47340,2.32501
1.81098,0.32404
2.54728,1.87252
1.83277,1.96792
0.76554,-0.52036
2.49984,-0.18420
1.46374,0.90764
1.04715,0.34551
1.13435,-1.12549
2.94940,-1.26700
-0.24488,0.11184
2.05059,-2.17112
2.13833,0.63688
0.97012,0.37615
1.35142,-1.08034
3.08780,-1.35421
0.14103,-0.85557
3.74075,0.28831
0.99849,-0.78570
3.13001,-0.47942
1.92838,2.06039
2.10078,0.73874
-0.08327,-0.66037
-0.05041,-0.97182
1.04117,0.40739
0.84978,2.49088
1.79212,-0.33838
2.36240,-1.90326
2.80756,1.11590
1.76854,-0.06231
1.37254,0.31068
0.95707,0.15802
-4.00276,8.52440
-3.63586,6.39738
-6.41485,1.55363
-3.49813,10.07812
-7.78239,1.79467
-3.95843,4.41547
-6.33303,8.23385
-4.48670,5.72109
-6.42083,6.42183
-6.14138,5.19242
-4.46341,3.76575
-6.09788,6.45578
-5.05200,6.71922
-3.94861,7.89762
-1.95660,4.13817
-6.64433,1.32475
-4.83605,6.06892
-4.34808,6.57587
-4.61073,5.32299
-3.42420,5.11776
-3.86771,8.58512
-3.78272,8.07857
-3.03726,7.45033
-4.25101,2.51393
-5.28027,1.89535
-5.38588,7.10125
-6.29835,5.65837
-7.38943,2.74197
-7.28113,4.88651
-3.98026,5.88949
-8.10004,6.13643
-4.09732,7.50057
-4.55417,4.39462
-3.27321,5.92186
-3.53605,5.24206
-3.91735,4.32932
-7.86351,4.57435
-4.95333,6.64992
-3.54736,0.49236
-6.21133,5.75458
-5.01892,3.89726
-6.15870,3.85859
-5.36305,4.45629
-5.88533,4.76900
-4.47011,3.85742
-1.77768,3.93590
-7.73828,5.62401
-5.55284,1.81295
-4.52933,5.83230
-5.88603,5.15573
-0.99013,4.90290
-5.25448,7.46148
-7.25400,5.65044
-4.51412,2.54940
-6.45232,6.81949
-2.48411,1.41457
-3.24263,2.76169
-3.32438,5.07868
-6.26390,6.06402
-7.88132,5.03273
-4.55633,2.25971
-3.85013,2.19407
-5.60482,5.71353
-5.82578,7.87315
-5.23507,3.58729
-6.29348,4.24292
-4.09710,9.15207
-5.96949,7.83548
-3.95347,8.22659
-5.40228,1.61856
-6.29473,2.34922
-4.25337,4.94786
-8.78207,1.48552
-6.22329,0.55156
-6.58692,5.22811
-3.47370,4.38661
-5.87665,6.98098
-5.17062,3.46074
-2.67100,4.22252
-2.14149,4.61603
-3.44802,5.86324
-4.00075,9.30520
-6.89702,4.55667
-3.00756,6.70864
-8.16574,7.72704
-3.65383,6.61768
-5.94497,7.09970
-7.26389,7.59944
-5.50179,5.25072
-4.44879,4.61537
-2.80369,3.77078
-7.63696,7.61617
-5.04365,4.43268
-2.88177,2.40822
-2.70935,4.51666
-3.50712,4.26126
-5.85551,3.70330
-4.19246,6.97529
-5.17267,3.75550
-7.78367,8.09641
-1.17740,6.11120
-6.04558,-1.34841
-3.73752,6.82524
-2.70502,3.58253
-5.92728,6.37051
-4.94918,1.55665
-5.13599,3.95817
-10.39362,6.39518
-4.20317,6.31446
-3.86528,2.54261
-4.63686,3.58123
-4.01966,3.52490
-10.06815,2.72115
-5.27356,3.85489
-3.64690,4.83921
-2.34680,1.37267
-4.31755,3.82360
-4.85509,5.57231
-4.28718,1.89969
-6.16746,4.79289
-8.16312,5.31900
-6.52265,2.49381
-3.72495,2.46872
-4.13614,3.38013
-3.83940,2.71056
-6.11607,4.42070
-5.20745,2.75138
-6.88454,5.42264
-2.67605,7.65515
-3.78134,7.04649
-7.13940,5.88587
-8.71576,5.23061
-5.04284,4.61954
-7.04068,7.59108
-5.87515,3.49427
-1.97599,4.10947
-6.49492,5.67728
-3.82669,5.04347
-5.27197,6.39894
-4.20193,7.39264
-6.43203,2.40294
-2.43440,5.85574
-4.85522,6.94921
-3.43479,2.13300
-5.23417,9.89231
-3.31869,4.45945
-3.35151,5.74427
-1.74003,6.47120
-3.75540,6.24329
-5.18860,2.12833
-7.35597,6.77357
-8.02150,7.00459
-7.41891,2.89457
-0.69593,1.17690
-5.24991,3.46340
-7.04572,8.38586
-3.64292,8.05461
-7.80240,2.01663
-3.57700,4.41957
-4.83667,4.52828
-0.99762,3.76537
-5.87082,4.00625
-7.56175,5.63217
-3.92465,4.97523
-2.33683,4.55377
-3.96739,5.15893
-3.70891,5.58123
-4.20900,7.83205
-1.66457,3.43263
-3.72534,3.50736
-4.73246,3.45088
-8.06503,3.69185
-3.99012,3.99442
-7.39292,2.36491
-7.42122,4.07131
-0.14381,6.66940
-5.30108,6.52974
-4.50493,5.54679
-9.83356,3.45898
-6.20781,6.08518
-2.46906,5.71418
-3.08601,4.50168
-7.85423,5.98603
-4.25116,5.22097
-4.85907,7.84969
-5.68625,6.20151
-5.28169,3.52449
-5.19140,3.91394
-7.08293,5.95407
-4.64718,3.33127
-2.90570,6.10204
-1.16888,2.68049
-9.17227,6.48429
-2.40501,3.48398
-5.63300,5.92130
-3.34959,2.91550
-4.12177,5.35529
-4.12213,1.39858
-3.10901,4.72980
-6.20445,4.00178
-5.33555,-5.04062
-4.81778,0.89826
0.51848,-9.86642
-3.60538,-4.27457
-0.86736,-2.57988
-0.92545,-1.98001
-3.97567,-4.26629
-3.05038,-3.15503
3.94496,-5.38440
-1.38442,-2.51316
-3.11038,-6.04593
-1.18860,-1.66807
0.26436,-5.21119
-2.87740,0.11843
-3.73896,-1.30836
0.99682,-7.38297
-3.68217,-6.42972
-2.99829,-5.12383
-5.01551,-1.82668
3.33411,-2.33503
-3.54276,-2.87157
-1.89335,-1.87689
-11.88763,-1.50328
-2.93374,-10.56986
-4.32661,-4.62431
-4.41500,-3.38771
-2.32388,-0.02294
3.09509,0.91449
-5.32169,-2.72681
-1.94523,-8.47570
-3.11662,-2.27007
-3.79222,-4.51371
-5.13209,-0.49607
-6.90140,-5.12155
-7.95950,-3.81558
-2.07386,0.88956
-1.88446,-6.16798
-4.48756,-7.69595
-2.65951,-1.36155
-1.96350,-2.40264
2.09657,1.38451
-3.87624,-6.18885
-3.02869,2.32094
-1.74768,-1.96709
-1.83418,-5.93146
-1.72469,2.35703
3.59768,-2.55689
-5.65031,-3.22498
3.78732,-2.37609
-4.42046,-2.71833
-2.05237,-1.51901
-4.60036,-1.11259
-1.57298,-7.04994
1.24711,-2.97356
0.16618,-7.88527
-2.49338,-3.45095
-3.07015,-4.23605
-2.70529,1.02049
-0.44448,-0.77497
-4.32567,-6.40153
-1.69069,-6.30281
-1.80110,-2.52633
5.94370,-8.05922
-3.87454,2.28460
-1.17760,-4.35789
-4.99676,-4.10148
-5.97333,-0.07244
-6.60288,-5.90484
-4.80690,-3.87730
-3.84688,-6.29951
-6.87911,-5.53176
-2.52918,-0.15502
0.32508,-3.86407
-3.01145,-0.31040
-2.73384,-5.46921
-10.44511,-0.74018
-2.02164,-6.14673
-3.24028,-2.00340
-5.70757,-5.91191
2.40001,-1.00194
-2.11125,-6.76730
-0.44172,0.69616
-2.91265,-4.82666
-4.22666,-0.26003
-0.06175,-3.92110
-6.12952,-2.38332
-1.55339,-5.70850
-0.25220,-4.87791
-1.08569,-3.12869
-6.41505,-10.77375
-4.84853,-0.08066
-0.54456,-3.31815
-5.34721,-5.26352
-4.21095,-4.32888
-4.81544,-4.03973
-5.15842,-3.09902
-1.64896,3.33199
-5.30813,0.24380
0.21476,1.03245
-0.32721,-2.94424
-3.60986,-9.05755
1.37611,-0.87395
1.22978,-0.78224
1.05148,-4.73203
2.87939,-4.92468
3.89291,-2.89461
7.17068,-3.59495
-1.56162,3.96595
-7.15970,0.82033
-0.28479,-6.44233
3.44491,-3.97915
-6.67569,-1.88097
-2.23587,-3.73234
-6.17610,-2.92691
-0.00116,-0.35585
-4.75823,-3.99264
-7.67627,-1.11052
0.50192,-5.52336
-2.67126,-1.46782
-2.36064,-0.34571
-4.11472,-2.01501
-6.06625,-7.19988
-9.37600,-6.32070
-1.69642,-1.35310
1.04227,0.09826
-3.39350,-1.57571
-4.36502,-5.69882
-7.07276,-0.43940
-2.69327,-4.97052
-5.01219,-2.33652
-1.49346,-2.62409
4.44214,-2.18249
-7.91070,-4.86972
-6.82026,3.01197
-2.45805,3.97069
-4.21691,-6.60596
-0.79366,-2.41548
-3.08766,-4.41264
0.50649,-2.26840
-4.90428,-6.27456
-2.37375,-1.37360
-2.50768,-9.03678
-1.45074,-6.37575
-4.97058,-4.71694
-2.65546,-7.49122
-9.91289,-7.50426
0.02537,-3.10947
-3.77578,1.07674
-3.92005,-7.24134
-5.89268,-4.80416
-5.60415,-2.12533
-4.81993,-2.37941
-3.28448,-0.69015
-4.08304,-4.40526
-7.41972,-6.23957
-2.11810,1.22413
-5.90530,-4.05799
-4.91250,-0.87261
0.09836,-2.03669
-0.90467,0.79139
-1.16288,-5.57244
-4.51303,-7.38882
-2.03644,-3.30581
-0.81999,0.44216
0.98568,-5.73295
0.04970,-6.01563
-2.43634,-5.13945
-0.40867,-4.11162
-6.18104,-4.90463
-2.88220,-8.70594
0.24863,-4.55562
-6.16687,-6.21731
-2.98831,-8.15261
-2.57609,-4.47958
-6.46994,-3.01005
-10.33609,-1.57008
-1.85325,-4.76884
-3.62188,-3.13978
-5.75709,0.41666
-1.36483,1.96300
-0.47216,-8.02700
2.65332,-3.40510
-5.27549,1.24170
-1.37812,-0.93138
-3.09946,-0.48347
-5.29404,-8.35713
-5.04758,-0.40735
-4.19371,-6.27238
-7.08216,-3.69164
-7.46245,-4.98453
-0.72599,0.05332
-6.71378,-3.05614
-3.09967,-5.64560
0.29411,-3.47306
-2.79804,-4.14777
-2.01933,-1.64355
-9.95153,0.04957
-3.81001,-14.80439
1.06136,-2.17322
-4.37691,-4.5265
